Czzz=quat2rotm([0.47344562338,-0.507482902564,-0.525089165021,0.492536002831]);
Czzz =

   -0.0366    0.0666   -0.9971
    0.9993   -0.0003   -0.0367
   -0.0027   -0.9978   -0.0665

target_orientation: 
  x: 0.0333795070776
  y: -0.913304908417
  z: -0.148959046212
  w: 0.377585957526
  
  target =

   -0.7126    0.0515   -0.6996
   -0.1735    0.9534    0.2469
    0.6798    0.2973   -0.6705
 wTe =

   -0.7245   -0.0681   -0.6859   -0.0591
   -0.0467    0.9977   -0.0497    0.6874
    0.6877   -0.0040   -0.7260    0.1955 
    0             0        0         1
v2: wTe =
   -0.6006   -0.7958    0.0779   -0.0716
    0.7469   -0.5931   -0.3006    0.4714
    0.2854   -0.1224    0.9506    0.2951
         0         0         0    1.0000
  v3:wTe =

   -0.6924   -0.7191    0.0597   -0.0691
    0.7207   -0.6932    0.0080    0.4212
    0.0356    0.0486    0.9982    0.3681
         0         0         0    1.0000