运行python auto_generate_grasps.py 0中的main函数采集grasp数据，对一个物体的10个初始位置，各搜索70000次，获得200个grasp，其中epsilon_quality>0的good grasp有42个，bad有154个。还需删除会穿模的grasp，得到数据集。
数据集中每个物体good grasp有2-43个。一共1039个grasp示例，无失败，比照了grasp和patch,大致对应。但我生成的patch却不对，因为相机外参和depth不对应。

1.数据集中的正样本优化效果：
	index	init_quality		new_quality 		real_init_quality  real_final_quality
物体63：grasp0：0.6133908629417419	0.7295697927474976	0.519999327735		Invalid(关节碰撞）
	grasp1：0.546202  		 0.662440  		0.34528615281		Invalid
  （bad)grasp2: 0.442149		 0.684990		-1(穿进物体）	Invalid	
	grasp3:	0.8357040882110596       0.9885204434394836	0.717030837991		Invalid	
	4:	0.6725990772247314       0.7807663679122925     Invalid			Invalid
	5:	0.7297751903533936	 0.825570821762085	0.324253894724		Invalid
	6:	0.3021596074104309	 0.5820589065551758	0.315675480707		Invalid
	7:	1.1107581853866577	 1.1345903873443604	1.08409725449		Invalid
	8:	0.30863040685653687	 1.0072576999664307	0.0836338211966		Invalid
	9:	0.5229039192199707	 0.7640713453292847	0.673572655539		Invalid
	10:	0.8011469841003418	 0.8394190073013306	0.856917206122		Invalid
   (bad)11:	0.0			 0.0			-1			-1
        12:	0.5864406824111938	 0.7185876369476318	0.870163861209		Invalid（穿进物体）
2.数据集外因为穿模epsilion quality为-1但可以正确抓取的样本
物体64：bad     init_quality		new_quality 		real_init_quality  real_final_quality
	2	0.0			0.0			穿模			横穿物体
	4	1.0874749422073364	1.1998968124389648	Invalid			Invalid
	7	0.0, 0.0
	9	0.4832262396812439	0.775860071182251
	10	0.6909745931625366	0.7209616899490356
	11	0.0, 0.0
	15	1.2745301723480225	1.5077763795852661
	17	0.4947414994239807	0.6586216688156128
	23	0.7328410148620605	0.9451343417167664
	26	0.0, 0.0
	28	0.632525622844696	0.788936197757721
	29	0.44816988706588745	0.7046065330505371
	31	0.0, 0.0
	32	0.6082519292831421	0.7322824001312256
	33	0.0, 0.0
3.数据集外epsilion quality>0但未经挑选的样本
物体0： index	init_quality		new_quality 		real_init_quality  real_final_quality
	0	[0.5786829590797424, 0.7440157532691956],	 0.553436604131
        1	[0.6836013197898865, 0.7140599489212036], 	 0.396520583891
	2	[0.3785821199417114, 0.4828461706638336], 	  0.885277083859
	3	[0.4345802068710327, 0.45989078283309937], 	  1.01709365597
	4	[0.46173563599586487, 0.7020474672317505], 	 0.380178762286
	5	[0.9083713293075562, 1.029279351234436],	0.145380345857
	6	[0.5303996205329895, 0.7301410436630249],	 0.145593053385
	7	[0.6097931861877441, 0.6829735636711121], 	 0.774645567146
	8	[1.0557316541671753, 1.0927046537399292],	 0.208227080274
 	9	[0.7711364030838013, 0.7769277095794678],	 0.154558109687
	11	[0.5410091280937195, 0.5477800965309143],	  0.198775922067
	12	[0.4999990165233612, 0.6446436047554016], 	  0.141187544344
	13	[0.4656743109226227, 0.5833283066749573], 	 -8.33333333333
	14	[0.37727296352386475, 0.38413330912590027],	 0.338749981213		 -8.33333333333
	15	[0.43269941210746765, 0.4961918890476227],	0.276138219348
	16	[0.0, 			0.0], `			 0.842222482475
	17	[0.046789854764938354, 0.3830009698867798],	 0.185894031418		0.385403614443
	18	[0.7365633249282837, 0.7760672569274902], 	 0.181168782705
	19	[0.46576181054115295, 0.6953973770141602]

物体1：
	0	[0.5712727308273315, 0.6544479131698608],	 0.151784895899		-1
        1	[0.3370470106601715, 0.3491828739643097], 	 0.0409126332312	-1
	2	[0.0,			 0.0], 	 		 0.639154505752		-8.33333333333
	3	[0.0,			 0.0], 			 0.104101714376
	4	[0.0,			 0.0]		 	 0.224193623209	 	0.224349087015
	5	[0.8675826787948608, 1.071929931640625]		 0.327076427709
	6	[0.3454895615577698, 0.40407413244247437]	 0.176483507144
	7	 [0.5913786888122559, 0.7733899354934692]	 1.04461449359
	8	[0.7120810747146606, 0.8666086196899414]	 0.45306473648
	9	[0.43291258811950684, 0.8552491664886475] 	 4.43762503595e-11
	×10	 [0.5486667156219482, 0.9708527326583862]	 0.165902205628	 	1.0500803735
	11	[0.5395731925964355, 0.7545583248138428],	 0.0152936859098
	12							 0.717555204224
	13							 0.478331223205
	14							 0.847149810925
	15							0.848197542636
 	16							0.090018230588
								 0.615767428282
4.数据集外epsilion quality<0的样本
物体63： 共173个失败抓取，不考虑pose
	0	[0.3615770637989044, 0.8281345367431641]	 0.00382516835916	
	39	 [0.2618493139743805, 0.6910312175750732]		-8.33
	45	 [0.6426538228988647, 0.8128476142883301]		-8.33		-8.33
	142	[0.3635713458061218, 0.4245108366012573]		-8.33
	164	[0.5218803882598877, 0.5974280834197998]		-8.33
